1 的 2948833 2948833 341.277 341.277
2 一 974062 3922895 112.731 454.008
3 国 921530 4844425 106.651 560.660
4 在 708916 5553341 82.045 642.704
5 人 697930 6251271 80.773 723.478
6 了 684656 6935927 79.237 802.715
7 有 670720 7606647 77.624 880.340
8 中 663971 8270618 76.843 957.183
9 是 657739 8928357 76.122 1033.305
10 年 616475 9544832 71.346 1104.651
11 和 584413 10129245 67.636 1172.287
12 大 570956 10700201 66.078 1238.366
13 业 565293 11265494 65.423 1303.789
14 不 546979 11812473 63.303 1367.092
15 为 468456 12280929 54.216 1421.308
16 发 461512 12742441 53.412 1474.720
17 会 445670 13188111 51.579 1526.299
18 工 433014 13621125 50.114 1576.413
19 经 425318 14046443 49.223 1625.636
20 上 417611 14464054 48.331 1673.968
21 地 412051 14876105 47.688 1721.655
22 市 403159 15279264 46.659 1768.314
23 要 388850 15668114 45.003 1813.317
24 个 379160 16047274 43.881 1857.198
25 产 376257 16423531 43.545 1900.744
26 这 375400 16798931 43.446 1944.190
27 出 367460 17166391 42.527 1986.717
28 行 361038 17527429 41.784 2028.501
29 作 350129 17877558 40.521 2069.022
30 生 344272 18221830 39.844 2108.866
31 家 342579 18564409 39.648 2148.514
32 以 331487 18895896 38.364 2186.878
33 成 321590 19217486 37.219 2224.096
34 到 319060 19536546 36.926 2261.022
35 日 313886 19850432 36.327 2297.349
36 民 310588 20161020 35.945 2333.294
37 来 300100 20461120 34.731 2368.026
38 我 299365 20760485 34.646 2402.672
39 部 285361 21045846 33.026 2435.698
40 对 280192 21326038 32.427 2468.125
41 进 280116 21606154 32.419 2500.544
42 多 279801 21885955 32.382 2532.926
43 全 279481 22165436 32.345 2565.271
44 建 276951 22442387 32.052 2597.323
45 他 271620 22714007 31.435 2628.759
46 公 270717 22984724 31.331 2660.090
47 开 268358 23253082 31.058 2691.148
48 们 265843 23518925 30.767 2721.914
49 场 264715 23783640 30.636 2752.551
50 展 263831 24047471 30.534 2783.085
51 时 259708 24307179 30.057 2813.141
52 理 257913 24565092 29.849 2842.990
53 新 250318 24815410 28.970 2871.960
54 方 246520 25061930 28.530 2900.491
55 主 241564 25303494 27.957 2928.448
56 企 238104 25541598 27.556 2956.004
57 资 237165 25778763 27.448 2983.452
58 实 237098 26015861 27.440 3010.892
59 学 234500 26250361 27.139 3038.031
60 报 234465 26484826 27.135 3065.167
61 制 232392 26717218 26.895 3092.062
62 政 231477 26948695 26.790 3118.852
63 济 230716 27179411 26.701 3145.553
64 用 230529 27409940 26.680 3172.233
65 同 225580 27635520 26.107 3198.340
66 于 225394 27860914 26.086 3224.426
67 法 224090 28085004 25.935 3250.360
68 高 222478 28307482 25.748 3276.108
69 长 221647 28529129 25.652 3301.760
70 现 217288 28746417 25.147 3326.907
71 本 215954 28962371 24.993 3351.900
72 月 210735 29173106 24.389 3376.289
73 定 209701 29382807 24.269 3400.559
74 化 205974 29588781 23.838 3424.397
75 加 205894 29794675 23.829 3448.225
76 动 204732 29999407 23.694 3471.920
77 合 204702 30204109 23.691 3495.610
78 品 203166 30407275 23.513 3519.123
79 重 202696 30609971 23.459 3542.582
80 关 200987 30810958 23.261 3565.843
81 机 200366 31011324 23.189 3589.032
82 分 200203 31211527 23.170 3612.202
83 力 198238 31409765 22.943 3635.144
84 自 197215 31606980 22.824 3657.969
85 外 194394 31801374 22.498 3680.467
86 者 194173 31995547 22.472 3702.939
87 区 193663 32189210 22.413 3725.352
88 能 192138 32381348 22.237 3747.589
89 设 191659 32573007 22.181 3769.770
90 后 188676 32761683 21.836 3791.606
91 就 186801 32948484 21.619 3813.225
92 等 186684 33135168 21.605 3834.830
93 体 186213 33321381 21.551 3856.381
94 下 184534 33505915 21.357 3877.738
95 万 180835 33686750 20.929 3898.667
96 元 178602 33865352 20.670 3919.337
97 社 178060 34043412 20.607 3939.944
98 过 178051 34221463 20.606 3960.551
99 前 177398 34398861 20.531 3981.081
100 面 174254 34573115 20.167 4001.248
101 农 171347 34744462 19.830 4021.079
102 也 170568 34915030 19.740 4040.819
103 得 170473 35085503 19.729 4060.548
104 与 168542 35254045 19.506 4080.054
105 说 168303 35422348 19.478 4099.533
106 之 165810 35588158 19.190 4118.722
107 员 164125 35752283 18.995 4137.717
108 而 163143 35915426 18.881 4156.598
109 务 163038 36078464 18.869 4175.467
110 利 162929 36241393 18.856 4194.323
111 电 161834 36403227 18.730 4213.053
112 文 161728 36564955 18.717 4231.770
113 事 160746 36725701 18.604 4250.373
114 可 159662 36885363 18.478 4268.852
115 种 159085 37044448 18.411 4287.263
116 总 158958 37203406 18.397 4305.660
117 改 156042 37359448 18.059 4323.719
118 三 155055 37514503 17.945 4341.664
119 各 153717 37668220 17.790 4359.454
120 好 150784 37819004 17.451 4376.905
121 金 150606 37969610 17.430 4394.335
122 第 150457 38120067 17.413 4411.747
123 司 150357 38270424 17.401 4429.149
124 其 149592 38420016 17.313 4446.461
125 从 147148 38567164 17.030 4463.491
126 平 143841 38711005 16.647 4480.138
127 代 143792 38854797 16.641 4496.780
128 当 143171 38997968 16.570 4513.350
129 天 142423 39140391 16.483 4529.833
130 水 142107 39282498 16.446 4546.279
131 省 141410 39423908 16.366 4562.645
132 提 141134 39565042 16.334 4578.979
133 商 140823 39705865 16.298 4595.277
134 十 140813 39846678 16.297 4611.573
135 管 140149 39986827 16.220 4627.793
136 内 139538 40126365 16.149 4643.942
137 小 139419 40265784 16.135 4660.078
138 技 139033 40404817 16.091 4676.168
139 位 138314 40543131 16.007 4692.176
140 目 137553 40680684 15.919 4708.095
141 起 137482 40818166 15.911 4724.006
142 海 136648 40954814 15.815 4739.821
143 所 136446 41091260 15.791 4755.612
144 立 136329 41227589 15.778 4771.390
145 已 135793 41363382 15.716 4787.106
146 通 135587 41498969 15.692 4802.798
147 入 134971 41633940 15.621 4818.418
148 量 133280 41767220 15.425 4833.843
149 子 133185 41900405 15.414 4849.257
150 问 133098 42033503 15.404 4864.661
151 度 132035 42165538 15.281 4879.942
152 北 132022 42297560 15.279 4895.221
153 保 129404 42426964 14.976 4910.197
154 心 129325 42556289 14.967 4925.164
155 还 128795 42685084 14.906 4940.070
156 科 127455 42812539 14.751 4954.821
157 委 125805 42938344 14.560 4969.381
158 都 125318 43063662 14.503 4983.884
159 术 125295 43188957 14.501 4998.385
160 使 125204 43314161 14.490 5012.875
161 明 124157 43438318 14.369 5027.244
162 着 124121 43562439 14.365 5041.609
163 次 124094 43686533 14.362 5055.971
164 将 123393 43809926 14.281 5070.252
165 增 122912 43932838 14.225 5084.477
166 基 122668 44055506 14.197 5098.673
167 名 121640 44177146 14.078 5112.751
168 向 121595 44298741 14.073 5126.824
169 门 121474 44420215 14.059 5140.882
170 应 121390 44541605 14.049 5154.931
171 里 121245 44662850 14.032 5168.963
172 美 120094 44782944 13.899 5182.862
173 由 119252 44902196 13.801 5196.663
174 规 118580 45020776 13.724 5210.387
175 今 118476 45139252 13.712 5224.098
176 题 118276 45257528 13.688 5237.787
177 记 117439 45374967 13.592 5251.378
178 点 116975 45491942 13.538 5264.916
179 计 116648 45608590 13.500 5278.416
180 去 116167 45724757 13.444 5291.861
181 强 116146 45840903 13.442 5305.303
182 两 115573 45956476 13.376 5318.678
183 些 114990 46071466 13.308 5331.986
184 表 114868 46186334 13.294 5345.280
185 系 114592 46300926 13.262 5358.542
186 办 114267 46415193 13.224 5371.767
187 教 113911 46529104 13.183 5384.950
188 正 112995 46642099 13.077 5398.027
189 条 110864 46752963 12.831 5410.858
190 最 109685 46862648 12.694 5423.552
191 达 109025 46971673 12.618 5436.170
192 特 108802 47080475 12.592 5448.762
193 革 108060 47188535 12.506 5461.268
194 收 107901 47296436 12.488 5473.756
195 二 107752 47404188 12.470 5486.226
196 期 107194 47511382 12.406 5498.632
197 并 106993 47618375 12.383 5511.015
198 程 106949 47725324 12.378 5523.392
199 厂 106865 47832189 12.368 5535.760
200 如 106854 47939043 12.367 5548.126
201 道 106064 48045107 12.275 5560.402
202 际 106062 48151169 12.275 5572.676
203 及 105891 48257060 12.255 5584.931
204 西 104998 48362058 12.152 5597.083
205 口 104947 48467005 12.146 5609.229
206 京 104873 48571878 12.137 5621.366
207 华 104861 48676739 12.136 5633.502
208 任 104740 48781479 12.122 5645.624
209 调 103846 48885325 12.018 5657.642
210 性 103655 48988980 11.996 5669.639
211 导 103096 49092076 11.932 5681.570
212 组 102774 49194850 11.894 5693.465
213 东 102757 49297607 11.892 5705.357
214 路 102648 49400255 11.880 5717.237
215 活 101811 49502066 11.783 5729.020
216 广 101718 49603784 11.772 5740.792
217 意 100828 49704612 11.669 5752.461
218 比 100318 49804930 11.610 5764.071
219 投 100164 49905094 11.592 5775.663
220 决 99790 50004884 11.549 5787.212
221 交 99661 50104545 11.534 5798.746
222 统 99149 50203694 11.475 5810.221
223 党 98615 50302309 11.413 5821.634
224 南 98505 50400814 11.400 5833.034
225 安 98501 50499315 11.400 5844.434
226 此 98397 50597712 11.388 5855.822
227 领 97542 50695254 11.289 5867.111
228 结 97139 50792393 11.242 5878.353
229 营 96800 50889193 11.203 5889.556
230 项 96610 50985803 11.181 5900.737
231 情 96482 51082285 11.166 5911.903
232 解 95783 51178068 11.085 5922.988
233 议 95656 51273724 11.071 5934.059
234 义 95442 51369166 11.046 5945.105
235 山 95424 51464590 11.044 5956.148
236 先 94835 51559425 10.976 5967.124
237 车 94129 51653554 10.894 5978.018
238 然 94007 51747561 10.880 5988.897
239 价 93793 51841354 10.855 5999.752
240 放 93716 51935070 10.846 6010.598
241 世 93502 52028572 10.821 6021.420
242 间 92462 52121034 10.701 6032.121
243 因 91394 52212428 10.577 6042.698
244 共 91039 52303467 10.536 6053.234
245 院 90857 52394324 10.515 6063.749
246 步 90787 52485111 10.507 6074.256
247 物 90582 52575693 10.483 6084.740
248 界 90505 52666198 10.474 6095.214
249 集 90007 52756205 10.417 6105.631
250 把 89373 52845578 10.343 6115.974
251 持 89361 52934939 10.342 6126.316
252 无 89028 53023967 10.303 6136.620
253 但 88591 53112558 10.253 6146.873
254 城 88573 53201131 10.251 6157.123
255 相 87156 53288287 10.087 6167.210
256 书 86488 53374775 10.010 6177.220
257 村 86201 53460976 9.976 6187.196
258 求 85922 53546898 9.944 6197.140
259 治 85773 53632671 9.927 6207.067
260 取 85702 53718373 9.919 6216.985
261 原 85518 53803891 9.897 6226.883
262 处 84795 53888686 9.814 6236.696
263 府 84645 53973331 9.796 6246.492
264 研 84530 54057861 9.783 6256.275
265 质 84464 54142325 9.775 6266.050
266 信 84419 54226744 9.770 6275.821
267 四 84322 54311066 9.759 6285.579
268 运 84313 54395379 9.758 6295.337
269 县 84266 54479645 9.752 6305.090
270 军 84047 54563692 9.727 6314.817
271 件 83909 54647601 9.711 6324.528
272 育 83853 54731454 9.705 6334.232
273 局 83510 54814964 9.665 6343.897
274 干 82918 54897882 9.596 6353.493
275 队 82874 54980756 9.591 6363.085
276 团 82288 55063044 9.523 6372.608
277 又 82161 55145205 9.509 6382.117
278 造 81938 55227143 9.483 6391.600
279 形 81435 55308578 9.425 6401.024
280 级 81423 55390001 9.423 6410.448
281 标 81161 55471162 9.393 6419.841
282 联 81036 55552198 9.379 6429.219
283 专 80992 55633190 9.373 6438.593
284 少 80881 55714071 9.361 6447.953
285 费 80110 55794181 9.271 6457.225
286 效 79638 55873819 9.217 6466.441
287 据 79538 55953357 9.205 6475.647
288 手 79380 56032737 9.187 6484.833
289 施 79379 56112116 9.187 6494.020
290 权 79178 56191294 9.164 6503.184
291 江 78677 56269971 9.106 6512.289
292 近 78306 56348277 9.063 6521.352
293 深 77289 56425566 8.945 6530.297
294 更 76967 56502533 8.908 6539.204
295 认 76197 56578730 8.819 6548.023
296 果 76030 56654760 8.799 6556.822
297 格 75472 56730232 8.735 6565.557
298 几 75460 56805692 8.733 6574.290
299 看 75307 56880999 8.716 6583.005
300 没 75297 56956296 8.714 6591.720
301 职 74913 57031209 8.670 6600.390
302 服 74644 57105853 8.639 6609.028
303 台 74279 57180132 8.597 6617.625
304 式 73384 57253516 8.493 6626.118
305 益 73294 57326810 8.483 6634.600
306 想 72782 57399592 8.423 6643.024
307 数 72479 57472071 8.388 6651.412
308 单 72069 57544140 8.341 6659.753
309 样 71685 57615825 8.296 6668.049
310 只 71579 57687404 8.284 6676.333
311 被 71286 57758690 8.250 6684.583
312 亿 71199 57829889 8.240 6692.823
313 老 71174 57901063 8.237 6701.060
314 受 71044 57972107 8.222 6709.282
315 优 70831 58042938 8.197 6717.480
316 常 70820 58113758 8.196 6725.676
317 销 70744 58184502 8.187 6733.864
318 志 70242 58254744 8.129 6741.993
319 战 70089 58324833 8.112 6750.104
320 流 69603 58394436 8.055 6758.160
321 很 68866 58463302 7.970 6766.130
322 接 68574 58531876 7.936 6774.066
323 乡 68466 58600342 7.924 6781.990
324 头 68026 58668368 7.873 6789.863
325 给 67805 58736173 7.847 6797.710
326 至 67209 58803382 7.778 6805.488
327 难 67013 58870395 7.756 6813.244
328 观 66847 58937242 7.736 6820.980
329 指 66800 59004042 7.731 6828.711
330 创 66729 59070771 7.723 6836.434
331 证 65847 59136618 7.621 6844.055
332 织 65656 59202274 7.599 6851.653
333 论 65534 59267808 7.584 6859.238
334 别 65468 59333276 7.577 6866.815
335 五 64523 59397799 7.467 6874.282
336 协 64274 59462073 7.439 6881.721
337 变 63992 59526065 7.406 6889.127
338 风 63300 59589365 7.326 6896.452
339 批 62874 59652239 7.277 6903.729
340 见 62838 59715077 7.272 6911.001
341 究 62769 59777846 7.264 6918.266
342 支 62418 59840264 7.224 6925.490
343 那 62416 59902680 7.224 6932.713
344 查 62297 59964977 7.210 6939.923
345 张 62250 60027227 7.204 6947.128
346 精 61856 60089083 7.159 6954.286
347 每 61782 60150865 7.150 6961.436
348 林 61648 60212513 7.135 6968.571
349 转 61413 60273926 7.108 6975.679
350 划 60993 60334919 7.059 6982.738
351 准 60986 60395905 7.058 6989.796
352 做 60792 60456697 7.036 6996.831
353 需 60677 60517374 7.022 7003.854
354 传 60663 60578037 7.021 7010.874
355 争 60623 60638660 7.016 7017.890
356 税 60589 60699249 7.012 7024.903
357 构 60523 60759772 7.005 7031.907
358 具 60317 60820089 6.981 7038.888
359 百 60297 60880386 6.978 7045.866
360 或 60243 60940629 6.972 7052.838
361 才 59980 61000609 6.942 7059.780
362 积 59922 61060531 6.935 7066.715
363 势 59329 61119860 6.866 7073.581
364 举 59066 61178926 6.836 7080.417
365 必 58858 61237784 6.812 7087.229
366 型 58507 61296291 6.771 7094.000
367 易 58315 61354606 6.749 7100.749
368 视 58241 61412847 6.740 7107.489
369 快 58209 61471056 6.737 7114.226
370 李 57627 61528683 6.669 7120.895
371 参 57553 61586236 6.661 7127.556
372 回 57486 61643722 6.653 7134.209
373 引 57307 61701029 6.632 7140.842
374 镇 57284 61758313 6.630 7147.471
375 首 57255 61815568 6.626 7154.097
376 推 56806 61872374 6.574 7160.672
377 思 56756 61929130 6.569 7167.240
378 完 56708 61985838 6.563 7173.803
379 消 56533 62042371 6.543 7180.346
380 值 56282 62098653 6.514 7186.860
381 该 56173 62154826 6.501 7193.361
382 走 55888 62210714 6.468 7199.829
383 装 55558 62266272 6.430 7206.259
384 众 54972 62321244 6.362 7212.621
385 责 54913 62376157 6.355 7218.976
386 备 54817 62430974 6.344 7225.320
387 州 54696 62485670 6.330 7231.650
388 供 54605 62540275 6.320 7237.970
389 包 54554 62594829 6.314 7244.284
390 副 54450 62649279 6.302 7250.585
391 极 54330 62703609 6.288 7256.873
392 整 54189 62757798 6.271 7263.145
393 确 54078 62811876 6.259 7269.403
394 知 54061 62865937 6.257 7275.660
395 贸 53937 62919874 6.242 7281.902
396 己 53905 62973779 6.239 7288.141
397 环 53723 63027502 6.218 7294.358
398 话 53655 63081157 6.210 7300.568
399 反 53366 63134523 6.176 7306.744
400 身 53293 63187816 6.168 7312.912
401 选 53248 63241064 6.163 7319.074
402 亚 53244 63294308 6.162 7325.236
403 么 53206 63347514 6.158 7331.394
404 带 53002 63400516 6.134 7337.528
405 采 52679 63453195 6.097 7343.625
406 王 52588 63505783 6.086 7349.711
407 策 52552 63558335 6.082 7355.793
408 真 52504 63610839 6.076 7361.869
409 女 52229 63663068 6.045 7367.914
410 谈 52217 63715285 6.043 7373.957
411 严 52177 63767462 6.039 7379.996
412 斯 52046 63819508 6.023 7386.019
413 况 51661 63871169 5.979 7391.998
414 色 51609 63922778 5.973 7397.971
415 打 51439 63974217 5.953 7403.924
416 德 50514 64024731 5.846 7409.770
417 告 50370 64075101 5.829 7415.600
418 仅 50061 64125162 5.794 7421.394
419 它 50014 64175176 5.788 7427.182
420 气 49930 64225106 5.779 7432.960
421 料 49909 64275015 5.776 7438.737
422 神 49790 64324805 5.762 7444.499
423 率 49714 64374519 5.754 7450.252
424 识 49674 64424193 5.749 7456.001
425 劳 49473 64473666 5.726 7461.727
426 境 49243 64522909 5.699 7467.426
427 源 48954 64571863 5.666 7473.092
428 青 48922 64620785 5.662 7478.753
429 护 48898 64669683 5.659 7484.413
430 列 48889 64718572 5.658 7490.071
431 兴 48697 64767269 5.636 7495.707
432 许 48526 64815795 5.616 7501.323
433 户 48369 64864164 5.598 7506.920
434 马 48278 64912442 5.587 7512.508
435 港 48273 64960715 5.587 7518.095
436 则 48267 65008982 5.586 7523.681
437 节 48215 65057197 5.580 7529.261
438 款 48183 65105380 5.576 7534.837
439 拉 47756 65153136 5.527 7540.364
440 直 47715 65200851 5.522 7545.886
441 案 47551 65248402 5.503 7551.389
442 股 47484 65295886 5.495 7556.885
443 光 47186 65343072 5.461 7562.346
444 较 47164 65390236 5.458 7567.804
445 河 47104 65437340 5.451 7573.256
446 花 47100 65484440 5.451 7578.707
447 根 47095 65531535 5.450 7584.157
448 布 47045 65578580 5.445 7589.602
449 线 47020 65625600 5.442 7595.044
450 土 46982 65672582 5.437 7600.481
451 克 46948 65719530 5.433 7605.914
452 再 46885 65766415 5.426 7611.341
453 群 46820 65813235 5.419 7616.759
454 医 46786 65860021 5.415 7622.174
455 清 46701 65906722 5.405 7627.579
456 速 46452 65953174 5.376 7632.955
457 律 46444 65999618 5.375 7638.330
458 她 46425 66046043 5.373 7643.703
459 族 46296 66092339 5.358 7649.061
460 历 46241 66138580 5.352 7654.412
461 非 45882 66184462 5.310 7659.722
462 感 45574 66230036 5.274 7664.997
463 占 45330 66275366 5.246 7670.243
464 续 45079 66320445 5.217 7675.460
465 师 44927 66365372 5.200 7680.660
466 何 44606 66409978 5.162 7685.822
467 影 44414 66454392 5.140 7690.962
468 功 43832 66498224 5.073 7696.035
469 负 43829 66542053 5.072 7701.107
470 验 43741 66585794 5.062 7706.170
471 望 43435 66629229 5.027 7711.197
472 财 43393 66672622 5.022 7716.219
473 类 43324 66715946 5.014 7721.233
474 货 43296 66759242 5.011 7726.243
475 约 43286 66802528 5.010 7731.253
476 艺 43183 66845711 4.998 7736.251
477 售 43099 66888810 4.988 7741.239
478 连 42999 66931809 4.976 7746.215
479 纪 42980 66974789 4.974 7751.189
480 按 42901 67017690 4.965 7756.154
481 讯 42860 67060550 4.960 7761.115
482 史 42807 67103357 4.954 7766.069
483 示 42760 67146117 4.949 7771.018
484 象 42735 67188852 4.946 7775.963
485 养 42704 67231556 4.942 7780.906
486 获 42466 67274022 4.915 7785.820
487 石 42406 67316428 4.908 7790.728
488 食 42148 67358576 4.878 7795.606
489 抓 42123 67400699 4.875 7800.481
490 富 42101 67442800 4.872 7805.354
491 模 42024 67484824 4.864 7810.217
492 始 41952 67526776 4.855 7815.072
493 住 41904 67568680 4.850 7819.922
494 赛 41794 67610474 4.837 7824.759
495 客 41758 67652232 4.833 7829.592
496 越 41448 67693680 4.797 7834.389
497 闻 40845 67734525 4.727 7839.116
498 央 40590 67775115 4.698 7843.813
499 席 40566 67815681 4.695 7848.508
500 坚 40560 67856241 4.64 7853.202